% Uzzimesim otras karta polinomu
% polinoma koeficenti:
C=[2 3 10]

C =

     2     3    10

x=-6:2:6

x =

    -6    -4    -2     0     2     4     6

x=-6:2:6;
% sakum elements:solis:beigu_elements
y=C(1)*x.^2+C(2)*x+C(3)

y =

    64    30    12    10    24    54   100

% uzzimesim
plot(x,y)
x2=-6:0.1:6;
plot(x2,y)
{Error using <a href="matlab:matlab.internal.language.introspective.errorDocCallback('plot')" style="font-weight:bold">plot</a>
Vectors must be the same length.
} 
plot(x,y)
y2=C(1)*x.^2+C(2)*x+C(3)

y2 =

    64    30    12    10    24    54   100

plot(x2,y2)
{Error using <a href="matlab:matlab.internal.language.introspective.errorDocCallback('plot')" style="font-weight:bold">plot</a>
Vectors must be the same length.
} 
x2=-6:0.1:6

x2 =

  Columns 1 through 10

   -6.0000   -5.9000   -5.8000   -5.7000   -5.6000   -5.5000   -5.4000   -5.3000   -5.2000   -5.1000

  Columns 11 through 20

   -5.0000   -4.9000   -4.8000   -4.7000   -4.6000   -4.5000   -4.4000   -4.3000   -4.2000   -4.1000

  Columns 21 through 30

   -4.0000   -3.9000   -3.8000   -3.7000   -3.6000   -3.5000   -3.4000   -3.3000   -3.2000   -3.1000

  Columns 31 through 40

   -3.0000   -2.9000   -2.8000   -2.7000   -2.6000   -2.5000   -2.4000   -2.3000   -2.2000   -2.1000

  Columns 41 through 50

   -2.0000   -1.9000   -1.8000   -1.7000   -1.6000   -1.5000   -1.4000   -1.3000   -1.2000   -1.1000

  Columns 51 through 60

   -1.0000   -0.9000   -0.8000   -0.7000   -0.6000   -0.5000   -0.4000   -0.3000   -0.2000   -0.1000

  Columns 61 through 70

         0    0.1000    0.2000    0.3000    0.4000    0.5000    0.6000    0.7000    0.8000    0.9000

  Columns 71 through 80

    1.0000    1.1000    1.2000    1.3000    1.4000    1.5000    1.6000    1.7000    1.8000    1.9000

  Columns 81 through 90

    2.0000    2.1000    2.2000    2.3000    2.4000    2.5000    2.6000    2.7000    2.8000    2.9000

  Columns 91 through 100

    3.0000    3.1000    3.2000    3.3000    3.4000    3.5000    3.6000    3.7000    3.8000    3.9000

  Columns 101 through 110

    4.0000    4.1000    4.2000    4.3000    4.4000    4.5000    4.6000    4.7000    4.8000    4.9000

  Columns 111 through 120

    5.0000    5.1000    5.2000    5.3000    5.4000    5.5000    5.6000    5.7000    5.8000    5.9000

  Column 121

    6.0000

plot(x2,y2)
{Error using <a href="matlab:matlab.internal.language.introspective.errorDocCallback('plot')" style="font-weight:bold">plot</a>
Vectors must be the same length.
} 
plot(x2,y2)
{Error using <a href="matlab:matlab.internal.language.introspective.errorDocCallback('plot')" style="font-weight:bold">plot</a>
Vectors must be the same length.
} 
plot(x2,y2)
{Error using <a href="matlab:matlab.internal.language.introspective.errorDocCallback('plot')" style="font-weight:bold">plot</a>
Vectors must be the same length.
} 
x2=-6:0.01:6;
plot(x2,y2)
{Error using <a href="matlab:matlab.internal.language.introspective.errorDocCallback('plot')" style="font-weight:bold">plot</a>
Vectors must be the same length.
} 
x2=-6:0.01:6;
x2=-6:0.01:6;
plot(x2,y2)
{Error using <a href="matlab:matlab.internal.language.introspective.errorDocCallback('plot')" style="font-weight:bold">plot</a>
Vectors must be the same length.
} 
plot(x,y)
x2 = -6:0.01:6;
x2 = -6:0.01:6;
plot(x,y)
plot(x2,y2)
{Error using <a href="matlab:matlab.internal.language.introspective.errorDocCallback('plot')" style="font-weight:bold">plot</a>
Vectors must be the same length.
} 
y2=C(1)*x2.^2+C(2)*x2+C(3)

y2 =

  Columns 1 through 10

   64.0000   63.7902   63.5808   63.3718   63.1632   62.9550   62.7472   62.5398   62.3328   62.1262

  Columns 11 through 20

   61.9200   61.7142   61.5088   61.3038   61.0992   60.8950   60.6912   60.4878   60.2848   60.0822

  Columns 21 through 30

   59.8800   59.6782   59.4768   59.2758   59.0752   58.8750   58.6752   58.4758   58.2768   58.0782

  Columns 31 through 40

   57.8800   57.6822   57.4848   57.2878   57.0912   56.8950   56.6992   56.5038   56.3088   56.1142

  Columns 41 through 50

   55.9200   55.7262   55.5328   55.3398   55.1472   54.9550   54.7632   54.5718   54.3808   54.1902

  Columns 51 through 60

   54.0000   53.8102   53.6208   53.4318   53.2432   53.0550   52.8672   52.6798   52.4928   52.3062

  Columns 61 through 70

   52.1200   51.9342   51.7488   51.5638   51.3792   51.1950   51.0112   50.8278   50.6448   50.4622

  Columns 71 through 80

   50.2800   50.0982   49.9168   49.7358   49.5552   49.3750   49.1952   49.0158   48.8368   48.6582

  Columns 81 through 90

   48.4800   48.3022   48.1248   47.9478   47.7712   47.5950   47.4192   47.2438   47.0688   46.8942

  Columns 91 through 100

   46.7200   46.5462   46.3728   46.1998   46.0272   45.8550   45.6832   45.5118   45.3408   45.1702

  Columns 101 through 110

   45.0000   44.8302   44.6608   44.4918   44.3232   44.1550   43.9872   43.8198   43.6528   43.4862

  Columns 111 through 120

   43.3200   43.1542   42.9888   42.8238   42.6592   42.4950   42.3312   42.1678   42.0048   41.8422

  Columns 121 through 130

   41.6800   41.5182   41.3568   41.1958   41.0352   40.8750   40.7152   40.5558   40.3968   40.2382

  Columns 131 through 140

   40.0800   39.9222   39.7648   39.6078   39.4512   39.2950   39.1392   38.9838   38.8288   38.6742

  Columns 141 through 150

   38.5200   38.3662   38.2128   38.0598   37.9072   37.7550   37.6032   37.4518   37.3008   37.1502

  Columns 151 through 160

   37.0000   36.8502   36.7008   36.5518   36.4032   36.2550   36.1072   35.9598   35.8128   35.6662

  Columns 161 through 170

   35.5200   35.3742   35.2288   35.0838   34.9392   34.7950   34.6512   34.5078   34.3648   34.2222

  Columns 171 through 180

   34.0800   33.9382   33.7968   33.6558   33.5152   33.3750   33.2352   33.0958   32.9568   32.8182

  Columns 181 through 190

   32.6800   32.5422   32.4048   32.2678   32.1312   31.9950   31.8592   31.7238   31.5888   31.4542

  Columns 191 through 200

   31.3200   31.1862   31.0528   30.9198   30.7872   30.6550   30.5232   30.3918   30.2608   30.1302

  Columns 201 through 210

   30.0000   29.8702   29.7408   29.6118   29.4832   29.3550   29.2272   29.0998   28.9728   28.8462

  Columns 211 through 220

   28.7200   28.5942   28.4688   28.3438   28.2192   28.0950   27.9712   27.8478   27.7248   27.6022

  Columns 221 through 230

   27.4800   27.3582   27.2368   27.1158   26.9952   26.8750   26.7552   26.6358   26.5168   26.3982

  Columns 231 through 240

   26.2800   26.1622   26.0448   25.9278   25.8112   25.6950   25.5792   25.4638   25.3488   25.2342

  Columns 241 through 250

   25.1200   25.0062   24.8928   24.7798   24.6672   24.5550   24.4432   24.3318   24.2208   24.1102

  Columns 251 through 260

   24.0000   23.8902   23.7808   23.6718   23.5632   23.4550   23.3472   23.2398   23.1328   23.0262

  Columns 261 through 270

   22.9200   22.8142   22.7088   22.6038   22.4992   22.3950   22.2912   22.1878   22.0848   21.9822

  Columns 271 through 280

   21.8800   21.7782   21.6768   21.5758   21.4752   21.3750   21.2752   21.1758   21.0768   20.9782

  Columns 281 through 290

   20.8800   20.7822   20.6848   20.5878   20.4912   20.3950   20.2992   20.2038   20.1088   20.0142

  Columns 291 through 300

   19.9200   19.8262   19.7328   19.6398   19.5472   19.4550   19.3632   19.2718   19.1808   19.0902

  Columns 301 through 310

   19.0000   18.9102   18.8208   18.7318   18.6432   18.5550   18.4672   18.3798   18.2928   18.2062

  Columns 311 through 320

   18.1200   18.0342   17.9488   17.8638   17.7792   17.6950   17.6112   17.5278   17.4448   17.3622

  Columns 321 through 330

   17.2800   17.1982   17.1168   17.0358   16.9552   16.8750   16.7952   16.7158   16.6368   16.5582

  Columns 331 through 340

   16.4800   16.4022   16.3248   16.2478   16.1712   16.0950   16.0192   15.9438   15.8688   15.7942

